<?xml version="1.0" encoding="UTF-8"?>
<map version="1.0" tiledversion="1.0.2" orientation="orthogonal" renderorder="right-down" width="20" height="10" tilewidth="32" tileheight="32" nextobjectid="1">
 <tileset firstgid="1" source="tiled1.tsx"/>
 <layer name="Camada de Tiles 1" width="20" height="10">
  <data encoding="csv">
54,54,54,54,54,54,54,54,54,54,54,1193,1193,1193,1193,54,54,54,54,54,
54,54,54,54,54,54,54,54,54,54,1193,874,874,874,874,1193,54,54,54,54,
54,54,54,54,54,54,54,54,54,1193,1128,874,874,874,874,1128,1193,54,54,54,
1193,1193,1193,1193,1193,1193,1193,1193,1193,874,874,1128,876,876,1128,874,874,1193,54,54,
1003,1058,1058,1058,1058,1058,1058,1058,1058,874,874,876,1253,1253,876,874,874,1193,54,54,
1003,1058,1058,1058,1058,1058,1058,1058,1058,874,874,876,1253,1253,876,874,874,1193,54,54,
1193,1193,1193,1193,1193,1193,1193,1193,1193,874,874,1128,876,876,1128,874,874,1193,54,54,
54,54,54,54,54,54,54,54,54,1193,1128,874,874,874,874,1128,1193,54,54,54,
54,54,54,54,54,54,54,54,54,54,1193,874,874,874,874,1193,54,54,54,54,
54,54,54,54,54,54,54,54,54,54,54,1193,1193,1193,1193,54,54,54,54,54
</data>
 </layer>
</map>
